chi2=1.1688134884466317
e0=10446.151193863967
lt=7071.717633530678
e0u=0.5044202817197297
ltu=9.680259565178071
failedfit=[[0, 18], [0, 19], [0, 20], [0, 21], [0, 22], [0, 23], [0, 24], [0, 25], [0, 26], [0, 27], [0, 28], [0, 29], [0, 30], [0, 31], [1, 15], [1, 16], [1, 17], [1, 28], [1, 29], [1, 30], [1, 31], [1, 32], [1, 33], [1, 34], [2, 13], [2, 14], [2, 15], [2, 33], [2, 34], [2, 35], [2, 36], [3, 11], [3, 12], [3, 13], [3, 35], [3, 36], [3, 37], [3, 38], [4, 10], [4, 11], [4, 14], [4, 37], [4, 38], [4, 39], [5, 9], [5, 10], [5, 39], [5, 40], [6, 7], [6, 8], [6, 9], [6, 39], [6, 40], [6, 41], [7, 7], [7, 8], [7, 32], [7, 37], [7, 39], [7, 40], [7, 41], [7, 42], [8, 6], [8, 41], [8, 42], [8, 43], [9, 5], [9, 26], [9, 43], [9, 44], [10, 4], [10, 5], [10, 12], [10, 44], [10, 45], [11, 3], [11, 4], [11, 18], [11, 44], [11, 45], [12, 3], [12, 15], [12, 45], [12, 46], [13, 2], [13, 3], [13, 21], [13, 46], [14, 2], [14, 31], [14, 46], [14, 47], [15, 1], [15, 2], [15, 29], [15, 47], [15, 48], [16, 1], [16, 26], [16, 27], [16, 47], [16, 48], [17, 1], [17, 14], [17, 26], [17, 27], [17, 48], [18, 0], [18, 1], [18, 17], [18, 31], [18, 48], [19, 0], [19, 1], [19, 14], [19, 26], [19, 48], [19, 49], [20, 0], [20, 1], [20, 22], [20, 24], [20, 26], [20, 48], [20, 49], [21, 0], [21, 23], [21, 29], [21, 49], [22, 0], [22, 39], [22, 49], [23, 0], [23, 49], [24, 0], [24, 16], [24, 48], [24, 49], [25, 0], [25, 48], [25, 49], [26, 0], [26, 36], [26, 48], [26, 49], [27, 0], [27, 33], [27, 34], [27, 35], [27, 36], [27, 49], [28, 0], [28, 21], [28, 25], [28, 33], [28, 34], [28, 35], [28, 36], [28, 49], [29, 0], [29, 1], [29, 16], [29, 18], [29, 24], [29, 25], [29, 26], [29, 34], [29, 35], [29, 48], [29, 49], [30, 0], [30, 1], [30, 28], [30, 48], [30, 49], [31, 0], [31, 1], [31, 28], [31, 29], [31, 37], [31, 48], [32, 1], [32, 16], [32, 47], [32, 48], [33, 1], [33, 2], [33, 7], [33, 19], [33, 24], [33, 31], [33, 47], [33, 48], [34, 1], [34, 2], [34, 20], [34, 47], [35, 2], [35, 46], [35, 47], [36, 2], [36, 3], [36, 19], [36, 20], [36, 46], [36, 47], [37, 3], [37, 28], [37, 45], [37, 46], [38, 3], [38, 4], [38, 9], [38, 25], [38, 30], [38, 34], [38, 35], [38, 36], [38, 37], [38, 44], [38, 45], [39, 4], [39, 27], [39, 30], [39, 31], [39, 34], [39, 35], [39, 36], [39, 37], [39, 38], [39, 44], [39, 45], [40, 5], [40, 19], [40, 29], [40, 30], [40, 31], [40, 33], [40, 35], [40, 36], [40, 37], [40, 43], [40, 44], [41, 6], [41, 30], [41, 31], [41, 42], [41, 43], [42, 6], [42, 7], [42, 8], [42, 31], [42, 41], [42, 42], [43, 7], [43, 8], [43, 9], [43, 28], [43, 39], [43, 40], [43, 41], [44, 9], [44, 10], [44, 39], [44, 40], [45, 10], [45, 11], [45, 37], [45, 38], [45, 39], [46, 11], [46, 12], [46, 36], [46, 37], [46, 38], [47, 13], [47, 14], [47, 33], [47, 34], [47, 35], [47, 36], [48, 15], [48, 16], [48, 17], [48, 18], [48, 30], [48, 31], [48, 32], [48, 33], [48, 34], [49, 18], [49, 19], [49, 20], [49, 21], [49, 22], [49, 23], [49, 24], [49, 25], [49, 26], [49, 27], [49, 28], [49, 29], [49, 30], [49, 31]]
neventsinfailedbin=[9, 20, 47, 55, 60, 86, 77, 71, 80, 63, 53, 29, 23, 11, 11, 37, 71, 88, 95, 75, 80, 42, 29, 8, 13, 54, 91, 99, 76, 27, 2, 5, 49, 90, 85, 73, 21, 2, 2, 53, 94, 84, 43, 2, 14, 53, 27, 2, 1, 24, 92, 84, 46, 6, 56, 95, 97, 97, 100, 91, 53, 7, 52, 94, 42, 14, 40, 98, 73, 21, 10, 78, 95, 36, 9, 7, 69, 93, 87, 28, 41, 100, 68, 14, 16, 83, 94, 33, 38, 92, 76, 15, 5, 87, 100, 36, 1, 35, 85, 81, 70, 9, 58, 99, 92, 80, 24, 4, 82, 94, 98, 27, 16, 88, 89, 100, 58, 1, 32, 86, 95, 82, 81, 70, 15, 44, 94, 94, 15, 53, 97, 25, 64, 28, 65, 100, 96, 28, 69, 99, 24, 62, 98, 98, 26, 57, 92, 86, 74, 93, 20, 51, 96, 93, 94, 97, 80, 100, 29, 36, 88, 99, 97, 97, 99, 96, 91, 94, 75, 14, 18, 85, 100, 69, 2, 8, 76, 99, 99, 98, 46, 55, 99, 82, 22, 32, 96, 98, 97, 99, 97, 74, 12, 5, 73, 97, 52, 52, 98, 5, 10, 95, 97, 98, 61, 2, 67, 92, 64, 21, 7, 77, 100, 98, 98, 94, 66, 70, 83, 90, 43, 30, 97, 91, 100, 88, 59, 54, 91, 99, 60, 1, 33, 88, 93, 93, 96, 90, 100, 91, 93, 83, 22, 51, 99, 97, 66, 37, 2, 57, 100, 97, 80, 17, 1, 33, 81, 97, 91, 49, 16, 6, 61, 38, 1, 5, 74, 99, 63, 2, 5, 54, 78, 35, 8, 14, 51, 88, 74, 46, 11, 9, 30, 89, 93, 85, 68, 68, 28, 6, 9, 24, 58, 74, 72, 87, 76, 84, 72, 82, 49, 36, 17, 10]
lt_mean_diff=0.06645140728092208
lt_mean_low=6852.2482787453455
lt_mean_high=7323.871294385614
lt_stdev=1070.9378484491663
lt_stdev_low=985.896978252972
lt_stdev_high=1096.2710778188211
